009.xlsx 6 1 172 1
8,9
8,10
8,11
8,12
16,17
16,18
16,19
16,20
24,25
24,26
24,27
24,28
32,33
32,34
32,35
32,36
40,41
40,42
40,43
40,44
48,49
48,50
48,51
48,52
56,57
56,58
56,59
56,60
64,65
64,66
64,67
64,68
72,73
72,74
72,75
72,76
80,81
80,82
80,83
80,84
88,89
88,90
88,91
88,92
96,97
96,98
96,99
96,100
104,105
104,106
104,107
104,108
112,113
112,114
112,115
112,116
120,121
120,122
120,123
120,124
128,129
128,130
128,131
128,132
136,137
136,138
136,139
136,140
144,145
144,146
144,147
144,148
152,153
152,154
152,155
152,156
160,161
160,162
160,163
160,164
168,169
168,170
168,171
168,172
